kernel line : count latency dram_traffic smem_bk_conflicts smem_warp gmem_access_generated gmem_warp exposed_latency warp_divergence
backprop.1.sm_30.ptx 228 : 16 32 0 0 0 3 1 0 0 
backprop.1.sm_30.ptx 227 : 16 80 0 0 0 0 0 0 0 
backprop.1.sm_30.ptx 226 : 16 80 0 0 0 0 0 0 0 
backprop.1.sm_30.ptx 225 : 16 192 0 0 0 0 0 0 0 
backprop.1.sm_30.ptx 224 : 16 80 0 0 0 0 0 0 0 
backprop.1.sm_30.ptx 223 : 16 176 0 0 0 3 1 0 0 
backprop.1.sm_30.ptx 222 : 16 80 0 0 0 0 0 0 0 
backprop.1.sm_30.ptx 221 : 16 144 0 0 0 3 1 0 0 
backprop.1.sm_30.ptx 220 : 16 32 0 0 0 3 1 0 0 
backprop.1.sm_30.ptx 219 : 16 80 0 0 0 0 0 0 0 
backprop.1.sm_30.ptx 218 : 16 192 0 0 0 0 0 0 0 
backprop.1.sm_30.ptx 217 : 16 80 0 0 0 0 0 0 0 
backprop.1.sm_30.ptx 216 : 16 4448 64 0 0 3 1 0 0 
backprop.1.sm_30.ptx 215 : 16 128 0 0 0 0 0 0 0 
backprop.1.sm_30.ptx 214 : 16 80 0 0 0 0 0 0 0 
backprop.1.sm_30.ptx 213 : 16 192 0 0 0 0 0 0 0 
backprop.1.sm_30.ptx 212 : 16 3008 0 0 0 0 0 0 0 
backprop.1.sm_30.ptx 231 : 8388608 42292224 0 0 0 0 0 0 0 
backprop.1.sm_30.ptx 211 : 16 11328 64 0 0 3 1 0 0 
backprop.1.sm_30.ptx 210 : 16 128 0 0 0 0 0 0 0 
backprop.1.sm_30.ptx 209 : 16 128 0 0 0 0 0 0 0 
backprop.1.sm_30.ptx 208 : 16 80 0 0 0 0 0 0 0 
backprop.1.sm_30.ptx 207 : 16 304 0 0 0 3 1 0 0 
backprop.1.sm_30.ptx 206 : 16 144 0 0 0 0 0 0 0 
backprop.1.sm_30.ptx 204 : 8388608 42787984 0 0 0 0 0 0 1 
backprop.1.sm_30.ptx 203 : 8388608 45258976 0 0 0 0 0 0 0 
backprop.1.sm_30.ptx 202 : 8388608 44061632 0 0 0 0 0 0 0 
backprop.1.sm_30.ptx 201 : 8388608 44295872 0 0 0 0 0 0 0 
backprop.1.sm_30.ptx 200 : 8388608 41733120 0 0 0 1310720 262144 0 0 
backprop.1.sm_30.ptx 199 : 8388608 44552896 0 0 0 0 0 0 0 
backprop.1.sm_30.ptx 198 : 8388608 52747328 0 0 0 0 0 0 0 
backprop.1.sm_30.ptx 197 : 8388608 102595904 0 0 0 0 0 0 0 
backprop.1.sm_30.ptx 196 : 8388608 45049024 0 0 0 0 0 0 0 
backprop.1.sm_30.ptx 195 : 8388608 837247392 0 0 0 1310720 262144 0 0 
backprop.1.sm_30.ptx 194 : 8388608 44201024 0 0 0 0 0 0 0 
backprop.1.sm_30.ptx 193 : 8388608 90654848 0 0 0 327680 262144 0 0 
backprop.1.sm_30.ptx 192 : 8388608 102564224 0 0 0 0 0 0 0 
backprop.1.sm_30.ptx 191 : 8388608 44153184 0 0 0 0 0 0 0 
backprop.1.sm_30.ptx 190 : 8388608 98632000 0 0 0 786432 262144 0 0 
backprop.1.sm_30.ptx 189 : 8388608 40899328 0 0 0 1310720 262144 0 0 
backprop.1.sm_30.ptx 188 : 8388608 44805472 0 0 0 0 0 0 0 
backprop.1.sm_30.ptx 187 : 8388608 103415392 0 0 0 0 0 0 0 
backprop.1.sm_30.ptx 186 : 8388608 46249632 0 0 0 0 0 0 0 
backprop.1.sm_30.ptx 185 : 8388608 4315862688 35651616 0 0 1310720 262144 0 0 
backprop.1.sm_30.ptx 184 : 8388608 69181472 0 0 0 0 0 0 0 
backprop.1.sm_30.ptx 183 : 8388608 52512064 0 0 0 0 0 0 0 
backprop.1.sm_30.ptx 182 : 8388608 102537184 0 0 0 0 0 0 0 
backprop.1.sm_30.ptx 181 : 8388608 45355776 0 0 0 0 0 0 0 
backprop.1.sm_30.ptx 180 : 8388608 4390043232 35651616 0 0 1310720 262144 0 0 
backprop.1.sm_30.ptx 179 : 8388608 70292640 0 0 0 0 0 0 0 
backprop.1.sm_30.ptx 178 : 8388608 69954624 0 0 0 0 0 0 0 
backprop.1.sm_30.ptx 177 : 8388608 44859808 0 0 0 0 0 0 0 
backprop.1.sm_30.ptx 176 : 8388608 46816128 0 0 0 0 0 0 0 
backprop.1.sm_30.ptx 175 : 8388608 3594950944 2097184 0 0 327680 262144 0 0 
backprop.1.sm_30.ptx 174 : 8388608 68358720 0 0 0 0 0 0 0 
backprop.1.sm_30.ptx 173 : 8388608 68356224 0 0 0 0 0 0 0 
backprop.1.sm_30.ptx 172 : 8388608 43789408 0 0 0 0 0 0 0 
backprop.1.sm_30.ptx 171 : 8388608 102725824 0 0 0 0 0 0 0 
backprop.1.sm_30.ptx 170 : 8388608 43753792 0 0 0 0 0 0 0 
backprop.1.sm_30.ptx 169 : 8388608 109162176 96 0 0 786432 262144 0 0 
backprop.1.sm_30.ptx 168 : 8388608 68607104 0 0 0 0 0 0 0 
backprop.1.sm_30.ptx 167 : 8388608 71192096 0 0 0 0 0 0 0 
backprop.1.sm_30.ptx 166 : 8388608 46383360 0 0 0 0 0 0 0 
backprop.1.sm_30.ptx 80 : 8388608 0 0 0 0 0 0 0 0 
backprop.1.sm_30.ptx 79 : 8388608 44325280 0 0 0 0 0 0 0 
backprop.1.sm_30.ptx 78 : 8388608 910028992 0 0 0 0 0 0 0 
backprop.1.sm_30.ptx 77 : 8388608 43705664 0 0 0 0 0 0 0 
backprop.1.sm_30.ptx 76 : 8388608 43562784 0 0 0 0 0 0 0 
backprop.1.sm_30.ptx 75 : 8388608 37255040 0 262144 262144 0 0 0 0 
backprop.1.sm_30.ptx 74 : 8388608 67400224 0 0 0 0 0 0 0 
backprop.1.sm_30.ptx 73 : 8388608 103725408 0 262144 262144 0 0 0 0 
backprop.1.sm_30.ptx 72 : 8388608 92739072 0 262144 262144 0 0 0 0 
backprop.1.sm_30.ptx 71 : 8388608 44549856 0 0 0 0 0 0 0 
backprop.1.sm_30.ptx 70 : 8388608 30858688 0 262144 262144 0 0 0 0 
backprop.1.sm_30.ptx 69 : 8388608 69289536 0 0 0 0 0 0 0 
backprop.1.sm_30.ptx 68 : 8388608 43796032 0 0 0 0 0 0 0 
backprop.1.sm_30.ptx 165 : 8388608 85011200 0 0 0 0 0 0 0 
backprop.1.sm_30.ptx 67 : 8388608 69983072 0 0 0 0 0 0 0 
backprop.1.sm_30.ptx 164 : 8388608 68913280 0 0 0 0 0 0 0 
backprop.1.sm_30.ptx 66 : 8388608 44196032 0 0 0 0 0 0 0 
backprop.1.sm_30.ptx 163 : 8388608 45250176 0 0 0 0 0 0 0 
backprop.1.sm_30.ptx 65 : 8388608 44960384 0 0 0 0 0 0 0 
backprop.1.sm_30.ptx 162 : 8388608 70183904 0 0 0 0 0 0 0 
backprop.1.sm_30.ptx 64 : 8388608 2730980416 35651616 0 0 1310720 262144 0 0 
backprop.1.sm_30.ptx 161 : 8388608 69150688 0 0 0 0 0 0 0 
backprop.1.sm_30.ptx 63 : 8388608 71571936 0 0 0 0 0 0 0 
backprop.1.sm_30.ptx 160 : 8388608 42820064 0 0 0 0 0 0 0 
backprop.1.sm_30.ptx 62 : 8388608 70556544 0 0 0 0 0 0 0 
backprop.1.sm_30.ptx 159 : 8388608 43162656 0 0 0 0 0 0 0 
backprop.1.sm_30.ptx 61 : 8388608 47305248 0 0 0 0 0 0 0 
backprop.1.sm_30.ptx 158 : 8388608 43548672 0 0 0 0 0 0 0 
backprop.1.sm_30.ptx 45 : 8388608 43505664 0 0 0 0 0 0 0 
backprop.1.sm_30.ptx 44 : 8388608 43892256 0 0 0 0 0 0 0 
backprop.1.sm_30.ptx 43 : 8388608 44359040 0 0 0 0 0 0 0 
backprop.1.sm_30.ptx 42 : 8388608 69198048 0 0 0 0 0 0 0 
backprop.1.sm_30.ptx 41 : 8388608 43909920 0 0 0 0 0 0 0 
backprop.1.sm_30.ptx 40 : 8388608 44425952 0 0 0 0 0 0 0 
backprop.1.sm_30.ptx 83 : 8388608 901033344 0 0 0 0 0 0 0 
backprop.1.sm_30.ptx 36 : 8388608 81379264 0 0 0 0 0 0 0 
backprop.1.sm_30.ptx 59 : 8388608 76220512 0 0 0 0 0 0 0 
backprop.1.sm_30.ptx 156 : 8388608 108104800 0 0 0 0 0 0 0 
backprop.1.sm_30.ptx 82 : 8388608 43215648 0 0 0 0 0 0 0 
backprop.1.sm_30.ptx 35 : 8388608 75808320 0 0 0 0 0 0 0 
backprop.1.sm_30.ptx 132 : 8388608 44536032 0 0 0 0 0 0 0 
backprop.1.sm_30.ptx 58 : 8388608 75748000 0 0 0 0 0 0 0 
backprop.1.sm_30.ptx 155 : 8388608 106931040 0 0 0 0 0 0 0 
backprop.1.sm_30.ptx 84 : 8388608 43015680 0 0 0 0 0 0 0 
backprop.1.sm_30.ptx 37 : 8388608 64850080 0 0 0 0 0 0 0 
backprop.1.sm_30.ptx 60 : 8388608 86212864 0 0 0 0 0 0 0 
backprop.1.sm_30.ptx 157 : 8388608 62659424 0 0 0 0 0 0 0 
backprop.1.sm_30.ptx 85 : 8388608 43075072 0 0 0 0 0 0 0 
backprop.1.sm_30.ptx 38 : 8388608 70367136 0 0 0 0 0 0 0 
backprop.1.sm_30.ptx 39 : 8388608 47275840 0 0 0 0 0 0 0 
backprop.1.sm_30.ptx 46 : 8388608 68853376 0 0 0 0 0 0 0 
backprop.1.sm_30.ptx 47 : 8388608 43711456 0 0 0 0 0 0 0 
backprop.1.sm_30.ptx 48 : 8388608 40071210 0 0 0 0 0 0 262144 
backprop.1.sm_30.ptx 50 : 524288 2884630 0 0 0 0 0 0 0 
backprop.1.sm_30.ptx 51 : 524288 4421996 0 0 0 0 0 0 0 
backprop.1.sm_30.ptx 52 : 524288 4368710 0 0 0 0 0 0 0 
backprop.1.sm_30.ptx 53 : 524288 152140018 2097184 0 0 327680 262144 0 0 
backprop.1.sm_30.ptx 54 : 524288 2400174 0 262144 262144 0 0 0 0 
backprop.1.sm_30.ptx 57 : 8388608 46799872 0 0 0 0 0 0 0 
backprop.1.sm_30.ptx 154 : 8388608 101439968 0 0 0 0 0 0 0 
backprop.1.sm_30.ptx 88 : 33554432 269063648 0 0 0 0 0 0 0 
backprop.1.sm_30.ptx 89 : 33554432 3547752576 0 0 0 0 0 0 0 
backprop.1.sm_30.ptx 90 : 33554432 174853696 0 0 0 0 0 0 0 
backprop.1.sm_30.ptx 91 : 33554432 174367584 0 0 0 0 0 0 0 
backprop.1.sm_30.ptx 92 : 33554432 172060992 0 0 0 0 0 0 0 
backprop.1.sm_30.ptx 93 : 33554432 130448400 0 0 0 0 0 0 491520 
backprop.1.sm_30.ptx 95 : 7864320 62080336 0 491520 491520 0 0 0 0 
backprop.1.sm_30.ptx 96 : 7864320 40382048 0 0 0 0 0 0 0 
backprop.1.sm_30.ptx 97 : 7864320 64151392 0 0 0 0 0 0 0 
backprop.1.sm_30.ptx 98 : 7864320 40259968 0 0 0 0 0 0 0 
backprop.1.sm_30.ptx 99 : 7864320 64175168 0 0 0 0 0 0 0 
backprop.1.sm_30.ptx 100 : 7864320 40374464 0 0 0 0 0 0 0 
backprop.1.sm_30.ptx 101 : 7864320 64046992 0 0 0 0 0 0 0 
backprop.1.sm_30.ptx 102 : 7864320 64170528 0 0 0 0 0 0 0 
backprop.1.sm_30.ptx 103 : 7864320 61941184 0 491520 491520 0 0 0 0 
backprop.1.sm_30.ptx 104 : 7864320 62998176 0 0 0 0 0 0 0 
backprop.1.sm_30.ptx 105 : 7864320 21781616 0 491520 491520 0 0 0 0 
backprop.1.sm_30.ptx 108 : 33554432 172546176 0 0 0 0 0 0 0 
backprop.1.sm_30.ptx 109 : 33554432 283760288 0 0 0 0 0 0 0 
backprop.1.sm_30.ptx 110 : 33554432 171197632 0 0 0 0 0 0 0 
backprop.1.sm_30.ptx 111 : 33554432 170641696 0 0 0 0 0 0 0 
backprop.1.sm_30.ptx 112 : 33554432 127621696 0 0 0 0 0 0 0 
backprop.1.sm_30.ptx 115 : 8388608 43226176 0 0 0 0 0 0 0 
backprop.1.sm_30.ptx 116 : 8388608 80302048 0 262144 262144 0 0 0 0 
backprop.1.sm_30.ptx 117 : 8388608 67273312 0 0 0 1310720 262144 0 0 
backprop.1.sm_30.ptx 118 : 8388608 45052896 0 0 0 0 0 0 0 
backprop.1.sm_30.ptx 119 : 8388608 41537850 0 0 0 0 0 0 262144 
backprop.1.sm_30.ptx 120 : 524288 2767388 0 0 0 0 0 0 0 
backprop.1.sm_30.ptx 123 : 524288 2759818 0 0 0 0 0 0 0 
backprop.1.sm_30.ptx 124 : 524288 4364120 0 0 0 0 0 0 0 
backprop.1.sm_30.ptx 125 : 524288 4556184 0 262144 262144 0 0 0 0 
backprop.1.sm_30.ptx 126 : 524288 5413174 0 0 0 0 0 0 0 
backprop.1.sm_30.ptx 127 : 524288 4451184 0 0 0 0 0 0 0 
backprop.1.sm_30.ptx 128 : 524288 4381304 0 0 0 0 0 0 0 
backprop.1.sm_30.ptx 129 : 524288 1910634 0 0 0 262144 262144 0 0 
backprop.1.sm_30.ptx 152 : 8388608 64848992 0 0 0 0 0 0 0 
backprop.1.sm_30.ptx 153 : 8388608 71924736 0 0 0 0 0 0 0 
