kernel line : count latency dram_traffic smem_bk_conflicts smem_warp gmem_access_generated gmem_warp exposed_latency warp_divergence
backprop.1.sm_30.ptx 228 : 16 32 0 0 0 3 1 0 0 
backprop.1.sm_30.ptx 227 : 16 80 0 0 0 0 0 0 0 
backprop.1.sm_30.ptx 226 : 16 80 0 0 0 0 0 0 0 
backprop.1.sm_30.ptx 225 : 16 192 0 0 0 0 0 0 0 
backprop.1.sm_30.ptx 224 : 16 80 0 0 0 0 0 0 0 
backprop.1.sm_30.ptx 223 : 16 176 0 0 0 3 1 0 0 
backprop.1.sm_30.ptx 222 : 16 80 0 0 0 0 0 0 0 
backprop.1.sm_30.ptx 221 : 16 144 0 0 0 3 1 0 0 
backprop.1.sm_30.ptx 220 : 16 32 0 0 0 3 1 0 0 
backprop.1.sm_30.ptx 219 : 16 96 0 0 0 0 0 0 0 
backprop.1.sm_30.ptx 218 : 16 192 0 0 0 0 0 0 0 
backprop.1.sm_30.ptx 217 : 16 96 0 0 0 0 0 0 0 
backprop.1.sm_30.ptx 216 : 16 2352 0 0 0 3 1 0 0 
backprop.1.sm_30.ptx 215 : 16 128 0 0 0 0 0 0 0 
backprop.1.sm_30.ptx 214 : 16 80 0 0 0 0 0 0 0 
backprop.1.sm_30.ptx 213 : 16 192 0 0 0 0 0 0 0 
backprop.1.sm_30.ptx 212 : 16 3872 0 0 0 0 0 0 0 
backprop.1.sm_30.ptx 231 : 1048576 5268864 0 0 0 0 0 0 0 
backprop.1.sm_30.ptx 211 : 16 9504 64 0 0 3 1 0 0 
backprop.1.sm_30.ptx 210 : 16 128 0 0 0 0 0 0 0 
backprop.1.sm_30.ptx 209 : 16 128 0 0 0 0 0 0 0 
backprop.1.sm_30.ptx 208 : 16 80 0 0 0 0 0 0 0 
backprop.1.sm_30.ptx 207 : 16 2688 0 0 0 3 1 0 0 
backprop.1.sm_30.ptx 206 : 16 144 0 0 0 0 0 0 0 
backprop.1.sm_30.ptx 204 : 1048576 5346656 0 0 0 0 0 0 1 
backprop.1.sm_30.ptx 203 : 1048576 5609504 0 0 0 0 0 0 0 
backprop.1.sm_30.ptx 202 : 1048576 5497856 0 0 0 0 0 0 0 
backprop.1.sm_30.ptx 201 : 1048576 5901536 0 0 0 0 0 0 0 
backprop.1.sm_30.ptx 200 : 1048576 7731040 0 0 0 163840 32768 0 0 
backprop.1.sm_30.ptx 199 : 1048576 5509632 0 0 0 0 0 0 0 
backprop.1.sm_30.ptx 198 : 1048576 6529088 0 0 0 0 0 0 0 
backprop.1.sm_30.ptx 197 : 1048576 12993408 0 0 0 0 0 0 0 
backprop.1.sm_30.ptx 196 : 1048576 5669664 0 0 0 0 0 0 0 
backprop.1.sm_30.ptx 195 : 1048576 150528448 0 0 0 163840 32768 0 0 
backprop.1.sm_30.ptx 194 : 1048576 5888224 0 0 0 0 0 0 0 
backprop.1.sm_30.ptx 193 : 1048576 14298560 0 0 0 40960 32768 0 0 
backprop.1.sm_30.ptx 192 : 1048576 13215008 0 0 0 0 0 0 0 
backprop.1.sm_30.ptx 191 : 1048576 5739648 0 0 0 0 0 0 0 
backprop.1.sm_30.ptx 190 : 1048576 16680992 0 0 0 98304 32768 0 0 
backprop.1.sm_30.ptx 189 : 1048576 7501600 0 0 0 163840 32768 0 0 
backprop.1.sm_30.ptx 188 : 1048576 5934720 0 0 0 0 0 0 0 
backprop.1.sm_30.ptx 187 : 1048576 13245440 0 0 0 0 0 0 0 
backprop.1.sm_30.ptx 186 : 1048576 5979456 0 0 0 0 0 0 0 
backprop.1.sm_30.ptx 185 : 1048576 583731840 2724704 0 0 163840 32768 0 0 
backprop.1.sm_30.ptx 184 : 1048576 8757568 0 0 0 0 0 0 0 
backprop.1.sm_30.ptx 183 : 1048576 6503072 0 0 0 0 0 0 0 
backprop.1.sm_30.ptx 182 : 1048576 12810112 0 0 0 0 0 0 0 
backprop.1.sm_30.ptx 181 : 1048576 5543136 0 0 0 0 0 0 0 
backprop.1.sm_30.ptx 180 : 1048576 612208640 4456480 0 0 163840 32768 0 0 
backprop.1.sm_30.ptx 179 : 1048576 9051680 0 0 0 0 0 0 0 
backprop.1.sm_30.ptx 178 : 1048576 8996192 0 0 0 0 0 0 0 
backprop.1.sm_30.ptx 177 : 1048576 5873472 0 0 0 0 0 0 0 
backprop.1.sm_30.ptx 176 : 1048576 6021760 0 0 0 0 0 0 0 
backprop.1.sm_30.ptx 175 : 1048576 490149984 262176 0 0 40960 32768 0 0 
backprop.1.sm_30.ptx 174 : 1048576 8580256 0 0 0 0 0 0 0 
backprop.1.sm_30.ptx 173 : 1048576 8633280 0 0 0 0 0 0 0 
backprop.1.sm_30.ptx 172 : 1048576 5545504 0 0 0 0 0 0 0 
backprop.1.sm_30.ptx 171 : 1048576 12997440 0 0 0 0 0 0 0 
backprop.1.sm_30.ptx 170 : 1048576 5663616 0 0 0 0 0 0 0 
backprop.1.sm_30.ptx 169 : 1048576 28580896 96 0 0 98304 32768 0 0 
backprop.1.sm_30.ptx 168 : 1048576 8559488 0 0 0 0 0 0 0 
backprop.1.sm_30.ptx 167 : 1048576 8970560 0 0 0 0 0 0 0 
backprop.1.sm_30.ptx 166 : 1048576 5883680 0 0 0 0 0 0 0 
backprop.1.sm_30.ptx 80 : 1048576 0 0 0 0 0 0 0 0 
backprop.1.sm_30.ptx 79 : 1048576 5606144 0 0 0 0 0 0 0 
backprop.1.sm_30.ptx 78 : 1048576 114802400 0 0 0 0 0 0 0 
backprop.1.sm_30.ptx 77 : 1048576 5485472 0 0 0 0 0 0 0 
backprop.1.sm_30.ptx 76 : 1048576 5765184 0 0 0 0 0 0 0 
backprop.1.sm_30.ptx 75 : 1048576 6266880 0 32768 32768 0 0 0 0 
backprop.1.sm_30.ptx 74 : 1048576 8452512 0 0 0 0 0 0 0 
backprop.1.sm_30.ptx 73 : 1048576 14497312 0 32768 32768 0 0 0 0 
backprop.1.sm_30.ptx 72 : 1048576 13274112 0 32768 32768 0 0 0 0 
backprop.1.sm_30.ptx 71 : 1048576 6053952 0 0 0 0 0 0 0 
backprop.1.sm_30.ptx 70 : 1048576 4846976 0 32768 32768 0 0 0 0 
backprop.1.sm_30.ptx 69 : 1048576 8682688 0 0 0 0 0 0 0 
backprop.1.sm_30.ptx 68 : 1048576 5539200 0 0 0 0 0 0 0 
backprop.1.sm_30.ptx 165 : 1048576 10705888 0 0 0 0 0 0 0 
backprop.1.sm_30.ptx 67 : 1048576 8856256 0 0 0 0 0 0 0 
backprop.1.sm_30.ptx 164 : 1048576 8663488 0 0 0 0 0 0 0 
backprop.1.sm_30.ptx 66 : 1048576 5650048 0 0 0 0 0 0 0 
backprop.1.sm_30.ptx 163 : 1048576 5651328 0 0 0 0 0 0 0 
backprop.1.sm_30.ptx 65 : 1048576 6150976 0 0 0 0 0 0 0 
backprop.1.sm_30.ptx 162 : 1048576 8792960 0 0 0 0 0 0 0 
backprop.1.sm_30.ptx 64 : 1048576 205022496 0 0 0 163840 32768 0 0 
backprop.1.sm_30.ptx 161 : 1048576 8624448 0 0 0 0 0 0 0 
backprop.1.sm_30.ptx 63 : 1048576 9605920 0 0 0 0 0 0 0 
backprop.1.sm_30.ptx 160 : 1048576 5367840 0 0 0 0 0 0 0 
backprop.1.sm_30.ptx 62 : 1048576 9199488 0 0 0 0 0 0 0 
backprop.1.sm_30.ptx 159 : 1048576 5387168 0 0 0 0 0 0 0 
backprop.1.sm_30.ptx 61 : 1048576 6905888 0 0 0 0 0 0 0 
backprop.1.sm_30.ptx 158 : 1048576 5428992 0 0 0 0 0 0 0 
backprop.1.sm_30.ptx 45 : 1048576 5693920 0 0 0 0 0 0 0 
backprop.1.sm_30.ptx 44 : 1048576 5889600 0 0 0 0 0 0 0 
backprop.1.sm_30.ptx 43 : 1048576 6106272 0 0 0 0 0 0 0 
backprop.1.sm_30.ptx 42 : 1048576 9089184 0 0 0 0 0 0 0 
backprop.1.sm_30.ptx 41 : 1048576 6154304 0 0 0 0 0 0 0 
backprop.1.sm_30.ptx 40 : 1048576 6425216 0 0 0 0 0 0 0 
backprop.1.sm_30.ptx 83 : 1048576 113411008 0 0 0 0 0 0 0 
backprop.1.sm_30.ptx 36 : 1048576 21365728 0 0 0 0 0 0 0 
backprop.1.sm_30.ptx 59 : 1048576 10789952 0 0 0 0 0 0 0 
backprop.1.sm_30.ptx 156 : 1048576 14046496 0 0 0 0 0 0 0 
backprop.1.sm_30.ptx 82 : 1048576 5435744 0 0 0 0 0 0 0 
backprop.1.sm_30.ptx 35 : 1048576 20962016 0 0 0 0 0 0 0 
backprop.1.sm_30.ptx 132 : 1048576 5657888 0 0 0 0 0 0 0 
backprop.1.sm_30.ptx 58 : 1048576 10745248 0 0 0 0 0 0 0 
backprop.1.sm_30.ptx 155 : 1048576 13844288 0 0 0 0 0 0 0 
backprop.1.sm_30.ptx 84 : 1048576 5339840 0 0 0 0 0 0 0 
backprop.1.sm_30.ptx 37 : 1048576 11079072 0 0 0 0 0 0 0 
backprop.1.sm_30.ptx 60 : 1048576 11504032 0 0 0 0 0 0 0 
backprop.1.sm_30.ptx 157 : 1048576 9523200 0 0 0 0 0 0 0 
backprop.1.sm_30.ptx 85 : 1048576 5345856 0 0 0 0 0 0 0 
backprop.1.sm_30.ptx 38 : 1048576 11236800 0 0 0 0 0 0 0 
backprop.1.sm_30.ptx 39 : 1048576 7832960 0 0 0 0 0 0 0 
backprop.1.sm_30.ptx 46 : 1048576 8708128 0 0 0 0 0 0 0 
backprop.1.sm_30.ptx 47 : 1048576 5679488 0 0 0 0 0 0 0 
backprop.1.sm_30.ptx 48 : 1048576 5063430 0 0 0 0 0 0 32768 
backprop.1.sm_30.ptx 50 : 65536 374642 0 0 0 0 0 0 0 
backprop.1.sm_30.ptx 51 : 65536 564146 0 0 0 0 0 0 0 
backprop.1.sm_30.ptx 52 : 65536 561014 0 0 0 0 0 0 0 
backprop.1.sm_30.ptx 53 : 65536 10428340 0 0 0 40960 32768 0 0 
backprop.1.sm_30.ptx 54 : 65536 495882 0 32768 32768 0 0 0 0 
backprop.1.sm_30.ptx 57 : 1048576 7493440 0 0 0 0 0 0 0 
backprop.1.sm_30.ptx 154 : 1048576 13233152 0 0 0 0 0 0 0 
backprop.1.sm_30.ptx 88 : 4194304 33659584 0 0 0 0 0 0 0 
backprop.1.sm_30.ptx 89 : 4194304 445646112 0 0 0 0 0 0 0 
backprop.1.sm_30.ptx 90 : 4194304 21699584 0 0 0 0 0 0 0 
backprop.1.sm_30.ptx 91 : 4194304 21656672 0 0 0 0 0 0 0 
backprop.1.sm_30.ptx 92 : 4194304 21358240 0 0 0 0 0 0 0 
backprop.1.sm_30.ptx 93 : 4194304 16290752 0 0 0 0 0 0 61440 
backprop.1.sm_30.ptx 95 : 983040 7644640 0 61440 61440 0 0 0 0 
backprop.1.sm_30.ptx 96 : 983040 5051776 0 0 0 0 0 0 0 
backprop.1.sm_30.ptx 97 : 983040 8007952 0 0 0 0 0 0 0 
backprop.1.sm_30.ptx 98 : 983040 5044512 0 0 0 0 0 0 0 
backprop.1.sm_30.ptx 99 : 983040 8007568 0 0 0 0 0 0 0 
backprop.1.sm_30.ptx 100 : 983040 5046464 0 0 0 0 0 0 0 
backprop.1.sm_30.ptx 101 : 983040 7994848 0 0 0 0 0 0 0 
backprop.1.sm_30.ptx 102 : 983040 8017792 0 0 0 0 0 0 0 
backprop.1.sm_30.ptx 103 : 983040 7554640 0 61440 61440 0 0 0 0 
backprop.1.sm_30.ptx 104 : 983040 7870784 0 0 0 0 0 0 0 
backprop.1.sm_30.ptx 105 : 983040 2452736 0 61440 61440 0 0 0 0 
backprop.1.sm_30.ptx 108 : 4194304 21564352 0 0 0 0 0 0 0 
backprop.1.sm_30.ptx 109 : 4194304 35398272 0 0 0 0 0 0 0 
backprop.1.sm_30.ptx 110 : 4194304 21289184 0 0 0 0 0 0 0 
backprop.1.sm_30.ptx 111 : 4194304 21262400 0 0 0 0 0 0 0 
backprop.1.sm_30.ptx 112 : 4194304 15962528 0 0 0 0 0 0 0 
backprop.1.sm_30.ptx 115 : 1048576 5405024 0 0 0 0 0 0 0 
backprop.1.sm_30.ptx 116 : 1048576 10226624 0 32768 32768 0 0 0 0 
backprop.1.sm_30.ptx 117 : 1048576 8804544 0 0 0 163840 32768 0 0 
backprop.1.sm_30.ptx 118 : 1048576 5923680 0 0 0 0 0 0 0 
backprop.1.sm_30.ptx 119 : 1048576 5344770 0 0 0 0 0 0 32768 
backprop.1.sm_30.ptx 120 : 65536 357670 0 0 0 0 0 0 0 
backprop.1.sm_30.ptx 123 : 65536 354810 0 0 0 0 0 0 0 
backprop.1.sm_30.ptx 124 : 65536 557974 0 0 0 0 0 0 0 
backprop.1.sm_30.ptx 125 : 65536 565940 0 32768 32768 0 0 0 0 
backprop.1.sm_30.ptx 126 : 65536 691822 0 0 0 0 0 0 0 
backprop.1.sm_30.ptx 127 : 65536 564952 0 0 0 0 0 0 0 
backprop.1.sm_30.ptx 128 : 65536 554106 0 0 0 0 0 0 0 
backprop.1.sm_30.ptx 129 : 65536 237964 0 0 0 32768 32768 0 0 
backprop.1.sm_30.ptx 152 : 1048576 8806848 0 0 0 0 0 0 0 
backprop.1.sm_30.ptx 153 : 1048576 9613696 0 0 0 0 0 0 0 
