kernel line : count latency dram_traffic smem_bk_conflicts smem_warp gmem_access_generated gmem_warp exposed_latency warp_divergence
backprop.1.sm_30.ptx 228 : 16 32 0 0 0 3 1 0 0 
backprop.1.sm_30.ptx 227 : 16 80 0 0 0 0 0 0 0 
backprop.1.sm_30.ptx 226 : 16 80 0 0 0 0 0 0 0 
backprop.1.sm_30.ptx 225 : 16 192 0 0 0 0 0 0 0 
backprop.1.sm_30.ptx 224 : 16 80 0 0 0 0 0 0 0 
backprop.1.sm_30.ptx 223 : 16 176 0 0 0 3 1 0 0 
backprop.1.sm_30.ptx 222 : 16 80 0 0 0 0 0 0 0 
backprop.1.sm_30.ptx 221 : 16 144 0 0 0 3 1 0 0 
backprop.1.sm_30.ptx 220 : 16 32 0 0 0 3 1 0 0 
backprop.1.sm_30.ptx 219 : 16 80 0 0 0 0 0 0 0 
backprop.1.sm_30.ptx 218 : 16 192 0 0 0 0 0 0 0 
backprop.1.sm_30.ptx 217 : 16 80 0 0 0 0 0 0 0 
backprop.1.sm_30.ptx 216 : 16 4448 64 0 0 3 1 0 0 
backprop.1.sm_30.ptx 215 : 16 128 0 0 0 0 0 0 0 
backprop.1.sm_30.ptx 214 : 16 80 0 0 0 0 0 0 0 
backprop.1.sm_30.ptx 213 : 16 192 0 0 0 0 0 0 0 
backprop.1.sm_30.ptx 212 : 16 3184 0 0 0 0 0 0 0 
backprop.1.sm_30.ptx 231 : 8388608 42010080 0 0 0 0 0 0 0 
backprop.1.sm_30.ptx 211 : 16 24352 64 0 0 3 1 0 0 
backprop.1.sm_30.ptx 210 : 16 128 0 0 0 0 0 0 0 
backprop.1.sm_30.ptx 209 : 16 128 0 0 0 0 0 0 0 
backprop.1.sm_30.ptx 208 : 16 80 0 0 0 0 0 0 0 
backprop.1.sm_30.ptx 207 : 16 144 0 0 0 3 1 0 0 
backprop.1.sm_30.ptx 206 : 16 144 0 0 0 0 0 0 0 
backprop.1.sm_30.ptx 204 : 8388608 42426512 0 0 0 0 0 0 1 
backprop.1.sm_30.ptx 203 : 8388608 43771072 0 0 0 0 0 0 0 
backprop.1.sm_30.ptx 202 : 8388608 43059936 0 0 0 0 0 0 0 
backprop.1.sm_30.ptx 201 : 8388608 43453344 0 0 0 0 0 0 0 
backprop.1.sm_30.ptx 200 : 8388608 33194912 0 0 0 1310720 262144 0 0 
backprop.1.sm_30.ptx 199 : 8388608 43190336 0 0 0 0 0 0 0 
backprop.1.sm_30.ptx 198 : 8388608 51447072 0 0 0 0 0 0 0 
backprop.1.sm_30.ptx 197 : 8388608 101418432 0 0 0 0 0 0 0 
backprop.1.sm_30.ptx 196 : 8388608 43295616 0 0 0 0 0 0 0 
backprop.1.sm_30.ptx 195 : 8388608 1317097120 0 0 0 1310720 262144 0 0 
backprop.1.sm_30.ptx 194 : 8388608 42719936 0 0 0 0 0 0 0 
backprop.1.sm_30.ptx 193 : 8388608 80480992 0 0 0 327680 262144 0 0 
backprop.1.sm_30.ptx 192 : 8388608 101160320 0 0 0 0 0 0 0 
backprop.1.sm_30.ptx 191 : 8388608 42621024 0 0 0 0 0 0 0 
backprop.1.sm_30.ptx 190 : 8388608 85288480 0 0 0 786432 262144 0 0 
backprop.1.sm_30.ptx 189 : 8388608 30799136 0 0 0 1310720 262144 0 0 
backprop.1.sm_30.ptx 188 : 8388608 43252288 0 0 0 0 0 0 0 
backprop.1.sm_30.ptx 187 : 8388608 101703456 0 0 0 0 0 0 0 
backprop.1.sm_30.ptx 186 : 8388608 43674880 0 0 0 0 0 0 0 
backprop.1.sm_30.ptx 185 : 8388608 9679434784 35651616 0 0 1310720 262144 0 0 
backprop.1.sm_30.ptx 184 : 8388608 68497344 0 0 0 0 0 0 0 
backprop.1.sm_30.ptx 183 : 8388608 51486016 0 0 0 0 0 0 0 
backprop.1.sm_30.ptx 182 : 8388608 101453792 0 0 0 0 0 0 0 
backprop.1.sm_30.ptx 181 : 8388608 43466816 0 0 0 0 0 0 0 
backprop.1.sm_30.ptx 180 : 8388608 10023864096 35651616 0 0 1310720 262144 0 0 
backprop.1.sm_30.ptx 179 : 8388608 69043872 0 0 0 0 0 0 0 
backprop.1.sm_30.ptx 178 : 8388608 69170944 0 0 0 0 0 0 0 
backprop.1.sm_30.ptx 177 : 8388608 44238240 0 0 0 0 0 0 0 
backprop.1.sm_30.ptx 176 : 8388608 44731456 0 0 0 0 0 0 0 
backprop.1.sm_30.ptx 175 : 8388608 8481441440 2097184 0 0 327680 262144 0 0 
backprop.1.sm_30.ptx 174 : 8388608 67899680 0 0 0 0 0 0 0 
backprop.1.sm_30.ptx 173 : 8388608 67977408 0 0 0 0 0 0 0 
backprop.1.sm_30.ptx 172 : 8388608 43259200 0 0 0 0 0 0 0 
backprop.1.sm_30.ptx 171 : 8388608 102162496 0 0 0 0 0 0 0 
backprop.1.sm_30.ptx 170 : 8388608 43471040 0 0 0 0 0 0 0 
backprop.1.sm_30.ptx 169 : 8388608 153712192 96 0 0 786432 262144 0 0 
backprop.1.sm_30.ptx 168 : 8388608 68399232 0 0 0 0 0 0 0 
backprop.1.sm_30.ptx 167 : 8388608 72680192 0 0 0 0 0 0 0 
backprop.1.sm_30.ptx 166 : 8388608 47774880 0 0 0 0 0 0 0 
backprop.1.sm_30.ptx 80 : 8388608 0 0 0 0 0 0 0 0 
backprop.1.sm_30.ptx 79 : 8388608 44488960 0 0 0 0 0 0 0 
backprop.1.sm_30.ptx 78 : 8388608 902293248 0 0 0 0 0 0 0 
backprop.1.sm_30.ptx 77 : 8388608 44270816 0 0 0 0 0 0 0 
backprop.1.sm_30.ptx 76 : 8388608 43825312 0 0 0 0 0 0 0 
backprop.1.sm_30.ptx 75 : 8388608 36147712 0 262144 262144 0 0 0 0 
backprop.1.sm_30.ptx 74 : 8388608 67321408 0 0 0 0 0 0 0 
backprop.1.sm_30.ptx 73 : 8388608 105366016 0 262144 262144 0 0 0 0 
backprop.1.sm_30.ptx 72 : 8388608 93773312 0 262144 262144 0 0 0 0 
backprop.1.sm_30.ptx 71 : 8388608 44345024 0 0 0 0 0 0 0 
backprop.1.sm_30.ptx 70 : 8388608 27584320 0 262144 262144 0 0 0 0 
backprop.1.sm_30.ptx 69 : 8388608 68923200 0 0 0 0 0 0 0 
backprop.1.sm_30.ptx 68 : 8388608 43652928 0 0 0 0 0 0 0 
backprop.1.sm_30.ptx 165 : 8388608 85057600 0 0 0 0 0 0 0 
backprop.1.sm_30.ptx 67 : 8388608 69518912 0 0 0 0 0 0 0 
backprop.1.sm_30.ptx 164 : 8388608 68989504 0 0 0 0 0 0 0 
backprop.1.sm_30.ptx 66 : 8388608 44122784 0 0 0 0 0 0 0 
backprop.1.sm_30.ptx 163 : 8388608 45695680 0 0 0 0 0 0 0 
backprop.1.sm_30.ptx 65 : 8388608 44505696 0 0 0 0 0 0 0 
backprop.1.sm_30.ptx 162 : 8388608 70986944 0 0 0 0 0 0 0 
backprop.1.sm_30.ptx 64 : 8388608 3324224224 35651616 0 0 1310720 262144 0 0 
backprop.1.sm_30.ptx 161 : 8388608 69312544 0 0 0 0 0 0 0 
backprop.1.sm_30.ptx 63 : 8388608 71243392 0 0 0 0 0 0 0 
backprop.1.sm_30.ptx 160 : 8388608 42440224 0 0 0 0 0 0 0 
backprop.1.sm_30.ptx 62 : 8388608 70720032 0 0 0 0 0 0 0 
backprop.1.sm_30.ptx 159 : 8388608 42620192 0 0 0 0 0 0 0 
backprop.1.sm_30.ptx 61 : 8388608 46924608 0 0 0 0 0 0 0 
backprop.1.sm_30.ptx 158 : 8388608 43099424 0 0 0 0 0 0 0 
backprop.1.sm_30.ptx 45 : 8388608 43235648 0 0 0 0 0 0 0 
backprop.1.sm_30.ptx 44 : 8388608 44015648 0 0 0 0 0 0 0 
backprop.1.sm_30.ptx 43 : 8388608 44604928 0 0 0 0 0 0 0 
backprop.1.sm_30.ptx 42 : 8388608 69516928 0 0 0 0 0 0 0 
backprop.1.sm_30.ptx 41 : 8388608 44432576 0 0 0 0 0 0 0 
backprop.1.sm_30.ptx 40 : 8388608 44482496 0 0 0 0 0 0 0 
backprop.1.sm_30.ptx 83 : 8388608 895501248 0 0 0 0 0 0 0 
backprop.1.sm_30.ptx 36 : 8388608 108477952 0 0 0 0 0 0 0 
backprop.1.sm_30.ptx 59 : 8388608 75260160 0 0 0 0 0 0 0 
backprop.1.sm_30.ptx 156 : 8388608 122506176 0 0 0 0 0 0 0 
backprop.1.sm_30.ptx 82 : 8388608 43503264 0 0 0 0 0 0 0 
backprop.1.sm_30.ptx 35 : 8388608 102710304 0 0 0 0 0 0 0 
backprop.1.sm_30.ptx 132 : 8388608 43522976 0 0 0 0 0 0 0 
backprop.1.sm_30.ptx 58 : 8388608 74829504 0 0 0 0 0 0 0 
backprop.1.sm_30.ptx 155 : 8388608 112276352 0 0 0 0 0 0 0 
backprop.1.sm_30.ptx 84 : 8388608 42797184 0 0 0 0 0 0 0 
backprop.1.sm_30.ptx 37 : 8388608 69070528 0 0 0 0 0 0 0 
backprop.1.sm_30.ptx 60 : 8388608 86190848 0 0 0 0 0 0 0 
backprop.1.sm_30.ptx 157 : 8388608 73396320 0 0 0 0 0 0 0 
backprop.1.sm_30.ptx 85 : 8388608 43136064 0 0 0 0 0 0 0 
backprop.1.sm_30.ptx 38 : 8388608 73477216 0 0 0 0 0 0 0 
backprop.1.sm_30.ptx 39 : 8388608 49576576 0 0 0 0 0 0 0 
backprop.1.sm_30.ptx 46 : 8388608 68720256 0 0 0 0 0 0 0 
backprop.1.sm_30.ptx 47 : 8388608 43249216 0 0 0 0 0 0 0 
backprop.1.sm_30.ptx 48 : 8388608 40068990 0 0 0 0 0 0 262144 
backprop.1.sm_30.ptx 50 : 524288 2845356 0 0 0 0 0 0 0 
backprop.1.sm_30.ptx 51 : 524288 4392928 0 0 0 0 0 0 0 
backprop.1.sm_30.ptx 52 : 524288 4325348 0 0 0 0 0 0 0 
backprop.1.sm_30.ptx 53 : 524288 191725816 2097184 0 0 327680 262144 0 0 
backprop.1.sm_30.ptx 54 : 524288 2268818 0 262144 262144 0 0 0 0 
backprop.1.sm_30.ptx 57 : 8388608 46679168 0 0 0 0 0 0 0 
backprop.1.sm_30.ptx 154 : 8388608 106161120 0 0 0 0 0 0 0 
backprop.1.sm_30.ptx 88 : 33554432 269250176 0 0 0 0 0 0 0 
backprop.1.sm_30.ptx 89 : 33554432 3552989280 0 0 0 0 0 0 0 
backprop.1.sm_30.ptx 90 : 33554432 176009760 0 0 0 0 0 0 0 
backprop.1.sm_30.ptx 91 : 33554432 175294208 0 0 0 0 0 0 0 
backprop.1.sm_30.ptx 92 : 33554432 172603200 0 0 0 0 0 0 0 
backprop.1.sm_30.ptx 93 : 33554432 130923968 0 0 0 0 0 0 491520 
backprop.1.sm_30.ptx 95 : 7864320 62860448 0 491520 491520 0 0 0 0 
backprop.1.sm_30.ptx 96 : 7864320 40330864 0 0 0 0 0 0 0 
backprop.1.sm_30.ptx 97 : 7864320 64168416 0 0 0 0 0 0 0 
backprop.1.sm_30.ptx 98 : 7864320 40216576 0 0 0 0 0 0 0 
backprop.1.sm_30.ptx 99 : 7864320 64189536 0 0 0 0 0 0 0 
backprop.1.sm_30.ptx 100 : 7864320 40426528 0 0 0 0 0 0 0 
backprop.1.sm_30.ptx 101 : 7864320 64136576 0 0 0 0 0 0 0 
backprop.1.sm_30.ptx 102 : 7864320 64276352 0 0 0 0 0 0 0 
backprop.1.sm_30.ptx 103 : 7864320 63815856 0 491520 491520 0 0 0 0 
backprop.1.sm_30.ptx 104 : 7864320 63021744 0 0 0 0 0 0 0 
backprop.1.sm_30.ptx 105 : 7864320 24219952 0 491520 491520 0 0 0 0 
backprop.1.sm_30.ptx 108 : 33554432 172486912 0 0 0 0 0 0 0 
backprop.1.sm_30.ptx 109 : 33554432 284981408 0 0 0 0 0 0 0 
backprop.1.sm_30.ptx 110 : 33554432 172713728 0 0 0 0 0 0 0 
backprop.1.sm_30.ptx 111 : 33554432 171375584 0 0 0 0 0 0 0 
backprop.1.sm_30.ptx 112 : 33554432 128782336 0 0 0 0 0 0 0 
backprop.1.sm_30.ptx 115 : 8388608 43362624 0 0 0 0 0 0 0 
backprop.1.sm_30.ptx 116 : 8388608 77943040 0 262144 262144 0 0 0 0 
backprop.1.sm_30.ptx 117 : 8388608 64122080 0 0 0 1310720 262144 0 0 
backprop.1.sm_30.ptx 118 : 8388608 44166848 0 0 0 0 0 0 0 
backprop.1.sm_30.ptx 119 : 8388608 40770960 0 0 0 0 0 0 262144 
backprop.1.sm_30.ptx 120 : 524288 2727940 0 0 0 0 0 0 0 
backprop.1.sm_30.ptx 123 : 524288 2720346 0 0 0 0 0 0 0 
backprop.1.sm_30.ptx 124 : 524288 4322436 0 0 0 0 0 0 0 
backprop.1.sm_30.ptx 125 : 524288 4360754 0 262144 262144 0 0 0 0 
backprop.1.sm_30.ptx 126 : 524288 5337576 0 0 0 0 0 0 0 
backprop.1.sm_30.ptx 127 : 524288 4387496 0 0 0 0 0 0 0 
backprop.1.sm_30.ptx 128 : 524288 4322116 0 0 0 0 0 0 0 
backprop.1.sm_30.ptx 129 : 524288 1745522 0 0 0 262144 262144 0 0 
backprop.1.sm_30.ptx 152 : 8388608 56067680 0 0 0 0 0 0 0 
backprop.1.sm_30.ptx 153 : 8388608 62779584 0 0 0 0 0 0 0 
