kernel line : count latency dram_traffic smem_bk_conflicts smem_warp gmem_access_generated gmem_warp exposed_latency warp_divergence
bfs.1.sm_30.ptx 141 : 65535 316547 0 0 0 8357 8357 0 0 
bfs.1.sm_30.ptx 127 : 655360 3279680 0 0 0 0 0 0 0 
bfs.1.sm_30.ptx 126 : 655360 5245152 0 0 0 0 0 0 0 
bfs.1.sm_30.ptx 125 : 655360 3313408 0 0 0 0 0 0 0 
bfs.1.sm_30.ptx 124 : 655360 3512704 0 0 0 0 0 0 0 
bfs.1.sm_30.ptx 123 : 655360 10692640 0 0 0 0 0 0 0 
bfs.1.sm_30.ptx 122 : 655360 9551456 0 0 0 0 0 0 0 
bfs.1.sm_30.ptx 121 : 655360 10476032 0 0 0 0 0 0 0 
bfs.1.sm_30.ptx 120 : 655360 10476416 0 0 0 0 0 0 0 
bfs.1.sm_30.ptx 119 : 655360 9482976 0 0 0 0 0 0 0 
bfs.1.sm_30.ptx 118 : 655360 9321056 0 0 0 0 0 0 0 
bfs.1.sm_30.ptx 97 : 393216 3033094 0 0 0 0 0 0 29042 
bfs.1.sm_30.ptx 96 : 393216 3613799 0 0 0 0 0 0 0 
bfs.1.sm_30.ptx 95 : 393216 4067812 0 0 0 0 0 0 0 
bfs.1.sm_30.ptx 94 : 393216 4062796 0 0 0 0 0 0 0 
bfs.1.sm_30.ptx 93 : 393216 4129154 0 0 0 0 0 0 0 
bfs.1.sm_30.ptx 90 : 126844 12641349 0 0 0 110115 48745 0 0 
bfs.1.sm_30.ptx 89 : 126844 12903280 0 0 0 110115 48745 0 0 
bfs.1.sm_30.ptx 88 : 126844 3788693 0 0 0 126762 48745 0 0 
bfs.1.sm_30.ptx 87 : 126844 925903 0 0 0 0 0 0 0 
bfs.1.sm_30.ptx 86 : 126844 1665245 0 0 0 0 0 0 0 
bfs.1.sm_30.ptx 85 : 126844 3661500 0 0 0 126815 48745 0 0 
bfs.1.sm_30.ptx 84 : 126844 1531128 0 0 0 0 0 0 0 
bfs.1.sm_30.ptx 83 : 126844 1320191 0 0 0 0 0 0 0 
bfs.1.sm_30.ptx 150 : 655360 3277024 0 0 0 0 0 0 0 
bfs.1.sm_30.ptx 53 : 65536 332335 0 0 0 0 0 0 0 
bfs.1.sm_30.ptx 100 : 655360 3284192 0 0 0 0 0 0 0 
bfs.1.sm_30.ptx 52 : 65536 333676 0 0 0 0 0 0 0 
bfs.1.sm_30.ptx 147 : 65535 132573 0 0 0 8357 8357 0 0 
bfs.1.sm_30.ptx 50 : 655360 2959626 0 0 0 0 0 0 8358 
bfs.1.sm_30.ptx 146 : 65535 327675 0 0 0 0 0 0 0 
bfs.1.sm_30.ptx 49 : 655360 3295360 0 0 0 0 0 0 0 
bfs.1.sm_30.ptx 145 : 65535 142144 0 0 0 8357 8357 0 0 
bfs.1.sm_30.ptx 48 : 655360 114456192 0 0 0 20480 20480 0 0 
bfs.1.sm_30.ptx 144 : 65535 327677 0 0 0 0 0 0 0 
bfs.1.sm_30.ptx 47 : 655360 5242880 0 0 0 0 0 0 0 
bfs.1.sm_30.ptx 143 : 65535 170810 0 0 0 8357 8357 0 0 
bfs.1.sm_30.ptx 46 : 655360 3276800 0 0 0 0 0 0 0 
bfs.1.sm_30.ptx 142 : 65535 525794 0 0 0 0 0 0 0 
bfs.1.sm_30.ptx 45 : 655360 3276928 0 0 0 0 0 0 0 
bfs.1.sm_30.ptx 140 : 65535 329078 0 0 0 0 0 0 0 
bfs.1.sm_30.ptx 43 : 655360 0 0 0 0 0 0 0 0 
bfs.1.sm_30.ptx 139 : 65535 540652 0 0 0 0 0 0 0 
bfs.1.sm_30.ptx 42 : 655360 3280928 0 0 0 0 0 0 0 
bfs.1.sm_30.ptx 132 : 655360 5243904 0 0 0 0 0 0 0 
bfs.1.sm_30.ptx 35 : 655360 10485760 0 0 0 0 0 0 0 
bfs.1.sm_30.ptx 82 : 126844 1308896 0 0 0 0 0 0 0 
bfs.1.sm_30.ptx 131 : 655360 3276864 0 0 0 0 0 0 0 
bfs.1.sm_30.ptx 34 : 655360 11143360 0 0 0 0 0 0 0 
bfs.1.sm_30.ptx 81 : 126844 30464470 0 0 0 93099 48745 0 0 
bfs.1.sm_30.ptx 130 : 655360 3276800 0 0 0 0 0 0 0 
bfs.1.sm_30.ptx 33 : 655360 11634144 0 0 0 0 0 0 0 
bfs.1.sm_30.ptx 54 : 65536 185781 0 0 0 8358 8358 0 0 
bfs.1.sm_30.ptx 128 : 655360 0 0 0 0 0 0 0 0 
bfs.1.sm_30.ptx 31 : 655360 20046816 0 0 0 0 0 0 0 
bfs.1.sm_30.ptx 78 : 393216 3258035 0 0 0 0 0 0 0 
bfs.1.sm_30.ptx 55 : 65536 570039 0 0 0 0 0 0 0 
bfs.1.sm_30.ptx 32 : 655360 20026464 0 0 0 0 0 0 0 
bfs.1.sm_30.ptx 79 : 393216 2848544 0 0 0 0 0 0 30393 
bfs.1.sm_30.ptx 133 : 655360 113708864 0 0 0 20480 20480 0 0 
bfs.1.sm_30.ptx 36 : 655360 10485760 0 0 0 0 0 0 0 
bfs.1.sm_30.ptx 134 : 655360 3319136 0 0 0 0 0 0 0 
bfs.1.sm_30.ptx 37 : 655360 10462208 0 0 0 0 0 0 0 
bfs.1.sm_30.ptx 135 : 655360 2989569 0 0 0 0 0 0 8357 
bfs.1.sm_30.ptx 38 : 655360 16082944 0 0 0 0 0 0 0 
bfs.1.sm_30.ptx 39 : 655360 3542656 0 0 0 0 0 0 0 
bfs.1.sm_30.ptx 137 : 65535 346358 0 0 0 0 0 0 0 
bfs.1.sm_30.ptx 40 : 655360 3321984 0 0 0 0 0 0 0 
bfs.1.sm_30.ptx 138 : 65535 330296 0 0 0 0 0 0 0 
bfs.1.sm_30.ptx 41 : 655360 5244480 0 0 0 0 0 0 0 
bfs.1.sm_30.ptx 56 : 65536 575481 0 0 0 0 0 0 0 
bfs.1.sm_30.ptx 57 : 65536 1071497 0 0 0 0 0 0 0 
bfs.1.sm_30.ptx 58 : 65536 38884172 0 0 0 38821 8358 0 0 
bfs.1.sm_30.ptx 59 : 65536 833151 0 0 0 0 0 0 0 
bfs.1.sm_30.ptx 60 : 65536 0 0 0 0 0 0 0 0 
bfs.1.sm_30.ptx 62 : 65536 824970 0 0 0 0 0 0 0 
bfs.1.sm_30.ptx 63 : 65536 744363 0 0 0 0 0 0 0 
bfs.1.sm_30.ptx 64 : 65536 832416 0 0 0 0 0 0 0 
bfs.1.sm_30.ptx 65 : 65536 956016 0 0 0 0 0 0 0 
bfs.1.sm_30.ptx 66 : 65536 1813640 0 0 0 0 0 0 0 
bfs.1.sm_30.ptx 67 : 65536 9592699 0 0 0 38821 8358 0 0 
bfs.1.sm_30.ptx 68 : 65536 961188 0 0 0 0 0 0 0 
bfs.1.sm_30.ptx 69 : 65536 1118820 0 0 0 0 0 0 0 
bfs.1.sm_30.ptx 70 : 65536 902438 0 0 0 0 0 0 0 
bfs.1.sm_30.ptx 71 : 65536 1095018 0 0 0 0 0 0 0 
bfs.1.sm_30.ptx 74 : 393216 170732485 0 0 0 367332 73417 0 0 
bfs.1.sm_30.ptx 75 : 393216 3492957 0 0 0 0 0 0 0 
bfs.1.sm_30.ptx 76 : 393216 5572415 0 0 0 0 0 0 0 
bfs.1.sm_30.ptx 77 : 393216 250454071 0 0 0 392389 73417 0 0 
